***************************
('Max : ', 478)
('Min : ', 1)
('Average : ', 38)
('Applying Window of: ', 10)
('Considering large enough: ', 5)
('Considering number of repetitions: ', 3)
***************************
('Detected in', [5, 10, 7, 20, 29, 29, 30, 20, 4, 1])
('Detected in', [20, 4, 1, 7, 15, 15, 15, 25, 13, 5])
('Detected in', [4, 1, 7, 15, 15, 15, 25, 13, 5, 12])
('Detected in', [1, 7, 15, 15, 15, 25, 13, 5, 12, 2])
('Detected in', [15, 15, 25, 13, 5, 12, 2, 17, 36, 4])
('Detected in', [15, 25, 13, 5, 12, 2, 17, 36, 4, 2])
('Detected in', [25, 13, 5, 12, 2, 17, 36, 4, 2, 27])
('Detected in', [13, 5, 12, 2, 17, 36, 4, 2, 27, 13])
('Detected in', [5, 12, 2, 17, 36, 4, 2, 27, 13, 5])
('Detected in', [12, 2, 17, 36, 4, 2, 27, 13, 5, 46])
('Detected in', [2, 17, 36, 4, 2, 27, 13, 5, 46, 2])
('Detected in', [17, 36, 4, 2, 27, 13, 5, 46, 2, 7])
('Detected in', [36, 4, 2, 27, 13, 5, 46, 2, 7, 27])
('Detected in', [4, 2, 27, 13, 5, 46, 2, 7, 27, 15])
('Detected in', [2, 27, 13, 5, 46, 2, 7, 27, 15, 46])
('Detected in', [36, 4, 2, 22, 22, 8, 46, 25, 13, 5])
('Detected in', [4, 2, 22, 22, 8, 46, 25, 13, 5, 12])
('Detected in', [5, 10, 33, 16, 8, 2, 18, 31, 81, 5])
('Detected in', [104, 25, 13, 5, 12, 16, 27, 36, 4, 2])
('Detected in', [25, 13, 5, 12, 16, 27, 36, 4, 2, 27])
('Detected in', [13, 5, 12, 16, 27, 36, 4, 2, 27, 13])
('Detected in', [5, 12, 16, 27, 36, 4, 2, 27, 13, 5])
('Detected in', [12, 16, 27, 36, 4, 2, 27, 13, 5, 54])
('Detected in', [16, 27, 36, 4, 2, 27, 13, 5, 54, 13])
('Detected in', [27, 36, 4, 2, 27, 13, 5, 54, 13, 5])
('Detected in', [36, 4, 2, 27, 13, 5, 54, 13, 5, 4])
('Detected in', [4, 2, 27, 13, 5, 54, 13, 5, 4, 67])
('Detected in', [2, 27, 13, 5, 54, 13, 5, 4, 67, 63])
('Detected in', [27, 13, 5, 54, 13, 5, 4, 67, 63, 61])
('Detected in', [13, 5, 54, 13, 5, 4, 67, 63, 61, 19])
('Detected in', [5, 54, 13, 5, 4, 67, 63, 61, 19, 62])
('Detected in', [71, 50, 7, 17, 36, 4, 2, 27, 13, 5])
('Detected in', [50, 7, 17, 36, 4, 2, 27, 13, 5, 46])
('Detected in', [7, 17, 36, 4, 2, 27, 13, 5, 46, 66])
('Detected in', [17, 36, 4, 2, 27, 13, 5, 46, 66, 4])
('Detected in', [36, 4, 2, 27, 13, 5, 46, 66, 4, 20])
('Detected in', [4, 2, 27, 13, 5, 46, 66, 4, 20, 22])
('Detected in', [2, 27, 13, 5, 46, 66, 4, 20, 22, 11])
('Detected in', [183, 63, 166, 29, 5, 23, 20, 7, 4, 4])
('Detected in', [63, 166, 29, 5, 23, 20, 7, 4, 4, 60])
('Detected in', [166, 29, 5, 23, 20, 7, 4, 4, 60, 8])
('Detected in', [29, 5, 23, 20, 7, 4, 4, 60, 8, 21])
('Detected in', [5, 23, 20, 7, 4, 4, 60, 8, 21, 37])
('Detected in', [20, 7, 4, 4, 60, 8, 21, 37, 62, 1])
('Detected in', [7, 4, 4, 60, 8, 21, 37, 62, 1, 7])
('Detected in', [4, 4, 60, 8, 21, 37, 62, 1, 7, 20])
('Detected in', [37, 62, 1, 7, 20, 49, 38, 4, 13, 5])
('Detected in', [62, 1, 7, 20, 49, 38, 4, 13, 5, 10])
('Detected in', [1, 7, 20, 49, 38, 4, 13, 5, 10, 7])
('Detected in', [5, 10, 7, 20, 29, 29, 30, 20, 4, 1])
('Detected in', [20, 4, 1, 7, 15, 15, 15, 25, 13, 5])
('Detected in', [4, 1, 7, 15, 15, 15, 25, 13, 5, 12])
('Detected in', [1, 7, 15, 15, 15, 25, 13, 5, 12, 2])
('Detected in', [15, 15, 25, 13, 5, 12, 2, 17, 36, 4])
('Detected in', [15, 25, 13, 5, 12, 2, 17, 36, 4, 2])
('Detected in', [25, 13, 5, 12, 2, 17, 36, 4, 2, 27])
('Detected in', [13, 5, 12, 2, 17, 36, 4, 2, 27, 13])
('Detected in', [5, 12, 2, 17, 36, 4, 2, 27, 13, 5])
('Detected in', [12, 2, 17, 36, 4, 2, 27, 13, 5, 46])
('Detected in', [2, 17, 36, 4, 2, 27, 13, 5, 46, 2])
('Detected in', [17, 36, 4, 2, 27, 13, 5, 46, 2, 7])
('Detected in', [36, 4, 2, 27, 13, 5, 46, 2, 7, 27])
('Detected in', [4, 2, 27, 13, 5, 46, 2, 7, 27, 15])
('Detected in', [2, 27, 13, 5, 46, 2, 7, 27, 15, 17])
('Detected in', [13, 5, 46, 2, 7, 27, 15, 17, 96, 4])
('Detected in', [5, 46, 2, 7, 27, 15, 17, 96, 4, 7])
('Detected in', [36, 4, 2, 22, 22, 8, 46, 25, 13, 5])
('Detected in', [4, 2, 22, 22, 8, 46, 25, 13, 5, 12])
('Detected in', [5, 10, 33, 16, 8, 2, 18, 31, 81, 5])
('Detected in', [104, 25, 13, 5, 12, 16, 27, 36, 4, 2])
('Detected in', [25, 13, 5, 12, 16, 27, 36, 4, 2, 27])
('Detected in', [13, 5, 12, 16, 27, 36, 4, 2, 27, 13])
('Detected in', [5, 12, 16, 27, 36, 4, 2, 27, 13, 5])
('Detected in', [12, 16, 27, 36, 4, 2, 27, 13, 5, 54])
('Detected in', [16, 27, 36, 4, 2, 27, 13, 5, 54, 13])
('Detected in', [27, 36, 4, 2, 27, 13, 5, 54, 13, 5])
('Detected in', [36, 4, 2, 27, 13, 5, 54, 13, 5, 4])
('Detected in', [4, 2, 27, 13, 5, 54, 13, 5, 4, 67])
('Detected in', [2, 27, 13, 5, 54, 13, 5, 4, 67, 63])
('Detected in', [27, 13, 5, 54, 13, 5, 4, 67, 63, 61])
('Detected in', [13, 5, 54, 13, 5, 4, 67, 63, 61, 19])
('Detected in', [5, 54, 13, 5, 4, 67, 63, 61, 19, 40])
('Detected in', [71, 50, 7, 17, 36, 4, 2, 27, 13, 5])
('Detected in', [50, 7, 17, 36, 4, 2, 27, 13, 5, 46])
('Detected in', [7, 17, 36, 4, 2, 27, 13, 5, 46, 66])
('Detected in', [17, 36, 4, 2, 27, 13, 5, 46, 66, 4])
('Detected in', [36, 4, 2, 27, 13, 5, 46, 66, 4, 20])
('Detected in', [4, 2, 27, 13, 5, 46, 66, 4, 20, 22])
('Detected in', [2, 27, 13, 5, 46, 66, 4, 20, 22, 11])
('Detected in', [183, 63, 166, 29, 5, 23, 20, 7, 4, 4])
('Detected in', [63, 166, 29, 5, 23, 20, 7, 4, 4, 60])
('Detected in', [166, 29, 5, 23, 20, 7, 4, 4, 60, 8])
('Detected in', [29, 5, 23, 20, 7, 4, 4, 60, 8, 21])
('Detected in', [5, 23, 20, 7, 4, 4, 60, 8, 21, 37])
('Detected in', [20, 7, 4, 4, 60, 8, 21, 37, 62, 1])
('Detected in', [7, 4, 4, 60, 8, 21, 37, 62, 1, 7])
('Detected in', [4, 4, 60, 8, 21, 37, 62, 1, 7, 20])
***************************
